Scatterer_atmosphere
{
	Atmo
	{
		name = Earth
		displayInterpolatedVariables = True
		experimentalAtmoScale = 4
		drawSkyOverClouds = False
		drawOverCloudsAltitude = 0
		cloudColorMultiplier = 1
		cloudScatteringMultiplier = 0.0199999996
		cloudSkyIrradianceMultiplier = 0.5
		volumetricsColorMultiplier = 1
		Rg = 6371000
		Rt = 6394333
		RL = 6511000
		atmosphereGlobalScale = 1
		EVEIntegration_preserveCloudColors = False
		HR = 5.54500008
		HM = 1.38600004
		BETA_MSca = 0.00468799984,0.0136719998,0.0507810004
		m_betaR = 0.000468999991,0.00136700005,0.00507800002
		m_mieG = 0.779999971
		rimBlend = 25
		rimpower = 600
		specR = 75
		specG = 70
		specB = 40
		shininess = 35
		assetPath = RSSVE/Textures/ScatterTextures/Earth
		configPoints
		{
			Item
			{
				altitude = 1386
				skyExposure = 0.494100004
				skyAlpha = 0.886300027
				skyExtinctionMultiplier = 0.800000012
				skyExtinctionTint = 0.0148
				scatteringExposure = 0.218600005
				postProcessAlpha = 0.851999998
				postProcessDepth = 0.833299994
				_Post_Extinction_Tint = 0.25
				postExtinctionMultiplier = 0.899999976
				openglThreshold = 10
				viewdirOffset = 0.0461000018
			}
			Item
			{
				altitude = 5545
				skyExposure = 0.476999998
				skyAlpha = 0.875199974
				skyExtinctionMultiplier = 0.800000012
				skyExtinctionTint = 0.0582000017
				scatteringExposure = 0.214599997
				postProcessAlpha = 0.857800007
				postProcessDepth = 0.783999979
				_Post_Extinction_Tint = 0.25
				postExtinctionMultiplier = 0.899999976
				openglThreshold = 10
				viewdirOffset = 0.0353999995
			}
			Item
			{
				altitude = 140000
				skyExposure = 0.200000003
				skyAlpha = 0.699999988
				skyExtinctionMultiplier = 0.800000012
				skyExtinctionTint = 0.75
				scatteringExposure = 0.150000006
				postProcessAlpha = 0.949999988
				postProcessDepth = 0
				_Post_Extinction_Tint = 0.25
				postExtinctionMultiplier = 0.899999976
				openglThreshold = 10
				viewdirOffset = 0
			}
		}
	}
}
