Scatterer_atmosphere
{
	Atmo
	{
		name = Earth
		experimentalAtmoScale = 8
		cloudColorMultiplier = 1
		cloudScatteringMultiplier = 0.0199999996
		cloudSkyIrradianceMultiplier = 0.75
		volumetricsColorMultiplier = 1
		Rg = 6371000
		Rt = 6388500
		RL = 6389500
		atmosphereGlobalScale = 1
		EVEIntegration_preserveCloudColors = False
		HR = 5.54500008
		HM = 1.38600004
		BETA_MSca = 0.00468799984,0.0136719998,0.0507810004
		m_betaR = 0.000468999991,0.00136700005,0.00507800002
		m_mieG = 0.779999971
		rimBlend = 25
		rimpower = 600
		specR = 85
		specG = 85
		specB = 85
		shininess = 40
		assetPath = RSSVE/Textures/ScatterTextures/Earth
		configPoints
		{
			Item
			{
				altitude = 1386
				skyExposure = 0.395567
				skyAlpha = 0.996060014
				skyExtinctionTint = 1
				scatteringExposure = 0.247537002
				extinctionThickness = 1
				postProcessAlpha = 0.949999988
				postProcessDepth = 0.492119014
				extinctionTint = 1
				openglThreshold = 10
				viewdirOffset = 0.0461179987
			}
			Item
			{
				altitude = 5545
				skyExposure = 0.382530004
				skyAlpha = 0.984471023
				skyExtinctionTint = 1
				scatteringExposure = 0.240293995
				extinctionThickness = 1
				postProcessAlpha = 0.949999988
				postProcessDepth = 0.468941987
				extinctionTint = 1
				openglThreshold = 10
				viewdirOffset = 0.0354119986
			}
			Item
			{
				altitude = 140000
				skyExposure = 0.174999997
				skyAlpha = 0.800000012
				skyExtinctionTint = 1
				scatteringExposure = 0.125
				extinctionThickness = 1
				postProcessAlpha = 0.949999988
				postProcessDepth = 0.100000001
				extinctionTint = 1
				openglThreshold = 10
				viewdirOffset = 0
			}
		}
	}
}
