Scatterer_atmosphere
{
	Atmo
	{
		name = Venus
		experimentalAtmoScale = 4
		cloudColorMultiplier = 3
		cloudScatteringMultiplier = 0.075000003
		cloudSkyIrradianceMultiplier = 0.0250000004
		volumetricsColorMultiplier = 1
		Rg = 6049000
		Rt = 6085250
		RL = 6086250
		atmosphereGlobalScale = 1
		EVEIntegration_preserveCloudColors = False
		HR = 11.0209999
		HM = 2.75500011
		BETA_MSca = 0.0664059967,0.0507810004,0.0234379992
		m_betaR = 0.00664100004,0.00507800002,0.00234399992
		m_mieG = 0.649999976
		rimBlend = 25
		rimpower = 600
		specR = 2
		specG = 1.89999998
		specB = 1.79999995
		shininess = 25
		assetPath = RSSVE/Textures/ScatterTextures/Venus
		configPoints
		{
			Item
			{
				altitude = 2755
				skyExposure = 0.971771002
				skyAlpha = 0.84059
				skyExtinctionTint = 0.971771002
				scatteringExposure = 0.153763995
				extinctionThickness = 1
				postProcessAlpha = 0.949999988
				postProcessDepth = 0.749786019
				extinctionTint = 0.25
				openglThreshold = 10
				viewdirOffset = 0
			}
			Item
			{
				altitude = 11021
				skyExposure = 0.89032203
				skyAlpha = 0.813440979
				skyExtinctionTint = 0.89032203
				scatteringExposure = 0.164624006
				extinctionThickness = 1
				postProcessAlpha = 0.949999988
				postProcessDepth = 0.778021991
				extinctionTint = 0.25
				openglThreshold = 10
				viewdirOffset = 0
			}
			Item
			{
				altitude = 145000
				skyExposure = 0.25
				skyAlpha = 0.600000024
				skyExtinctionTint = 0.25
				scatteringExposure = 0.25
				extinctionThickness = 1
				postProcessAlpha = 0.949999988
				postProcessDepth = 1
				extinctionTint = 0.25
				openglThreshold = 10
				viewdirOffset = 0
			}
		}
	}
}
