Scatterer_atmosphere
{
	Atmo
	{
		name = Venus
		displayInterpolatedVariables = True
		experimentalAtmoScale = 4
		drawSkyOverClouds = False
		drawOverCloudsAltitude = 0
		cloudColorMultiplier = 3
		cloudScatteringMultiplier = 0.075000003
		cloudSkyIrradianceMultiplier = 0.0250000004
		volumetricsColorMultiplier = 1
		Rg = 6049000
		Rt = 6085250
		RL = 6194000
		atmosphereGlobalScale = 1
		EVEIntegration_preserveCloudColors = False
		HR = 11.0200005
		HM = 2.75500011
		BETA_MSca = 0.0664059967,0.0507810004,0.0234379992
		m_betaR = 0.00664100004,0.00507800002,0.00234399992
		m_mieG = 0.649999976
		rimBlend = 25
		rimpower = 600
		specR = 2
		specG = 1.89999998
		specB = 1.79999995
		shininess = 25
		assetPath = RSSVE/Textures/ScatterTextures/Venus
		configPoints
		{
			Item
			{
				altitude = 2755
				skyExposure = 0.971800029
				skyAlpha = 0.840600014
				skyExtinctionMultiplier = 0.899999976
				skyExtinctionTint = 0.00939999986
				scatteringExposure = 0.105599999
				postProcessAlpha = 0.949999988
				postProcessDepth = 0.749800026
				_Post_Extinction_Tint = 0.25
				postExtinctionMultiplier = 0.899999976
				openglThreshold = 10
				viewdirOffset = 0
			}
			Item
			{
				altitude = 11020
				skyExposure = 0.890299976
				skyAlpha = 0.813399971
				skyExtinctionMultiplier = 0.899999976
				skyExtinctionTint = 0.0366000012
				scatteringExposure = 0.1219
				postProcessAlpha = 0.949999988
				postProcessDepth = 0.777999997
				_Post_Extinction_Tint = 0.25
				postExtinctionMultiplier = 0.899999976
				openglThreshold = 10
				viewdirOffset = 0
			}
			Item
			{
				altitude = 145000
				skyExposure = 0.25
				skyAlpha = 0.600000024
				skyExtinctionMultiplier = 0.899999976
				skyExtinctionTint = 0.25
				scatteringExposure = 0.25
				postProcessAlpha = 0.949999988
				postProcessDepth = 1
				_Post_Extinction_Tint = 0.25
				postExtinctionMultiplier = 0.899999976
				openglThreshold = 10
				viewdirOffset = 0
			}
		}
	}
}
