Scatterer_atmosphere
{
	Atmo
	{
		name = Uranus
		displayInterpolatedVariables = True
		experimentalAtmoScale = 4
		drawSkyOverClouds = False
		drawOverCloudsAltitude = 0
		cloudColorMultiplier = 3
		cloudScatteringMultiplier = 0.25
		cloudSkyIrradianceMultiplier = 0.0500000007
		volumetricsColorMultiplier = 1
		Rg = 24702000
		Rt = 25052000
		RL = 26102000
		atmosphereGlobalScale = 1
		EVEIntegration_preserveCloudColors = True
		HR = 19.2000008
		HM = 4.80000019
		BETA_MSca = 0.00585900014,0.00742200017,0.00781300012
		m_betaR = 0.00058599998,0.000742000004,0.00078100001
		m_mieG = 0.850000024
		rimBlend = 25
		rimpower = 600
		specR = 1.60000002
		specG = 1.79999995
		specB = 2
		shininess = 25
		assetPath = RSSVE/Textures/ScatterTextures/Uranus
		configPoints
		{
			Item
			{
				altitude = 4800
				skyExposure = 0.994000018
				skyAlpha = 0.994499981
				skyExtinctionMultiplier = 0.899999976
				skyExtinctionTint = 0.104400001
				scatteringExposure = 0.248400003
				postProcessAlpha = 0.949999988
				postProcessDepth = 0.248999998
				_Post_Extinction_Tint = 0.25
				postExtinctionMultiplier = 0.899999976
				openglThreshold = 10
				viewdirOffset = 0
			}
			Item
			{
				altitude = 19200
				skyExposure = 0.976199985
				skyAlpha = 0.978200018
				skyExtinctionMultiplier = 0.899999976
				skyExtinctionTint = 0.117700003
				scatteringExposure = 0.243499994
				postProcessAlpha = 0.949999988
				postProcessDepth = 0.245900005
				_Post_Extinction_Tint = 0.25
				postExtinctionMultiplier = 0.899999976
				openglThreshold = 10
				viewdirOffset = 0
			}
			Item
			{
				altitude = 1400000
				skyExposure = 0.125
				skyAlpha = 0.200000003
				skyExtinctionMultiplier = 0.899999976
				skyExtinctionTint = 0.75
				scatteringExposure = 0.0125000002
				postProcessAlpha = 0.949999988
				postProcessDepth = 0.100000001
				_Post_Extinction_Tint = 0.25
				postExtinctionMultiplier = 0.899999976
				openglThreshold = 10
				viewdirOffset = 0
			}
		}
	}
}
