Scatterer_atmosphere
{
	Atmo
	{
		name = Saturn
		displayInterpolatedVariables = True
		experimentalAtmoScale = 4
		drawSkyOverClouds = False
		drawOverCloudsAltitude = 0
		cloudColorMultiplier = 2
		cloudScatteringMultiplier = 0.200000003
		cloudSkyIrradianceMultiplier = 0.150000006
		volumetricsColorMultiplier = 1
		Rg = 57216000
		Rt = 57716000
		RL = 59216000
		atmosphereGlobalScale = 1
		EVEIntegration_preserveCloudColors = True
		HR = 41.2400017
		HM = 10.3100004
		BETA_MSca = 0.000976999989,0.000976999989,0.000976999989
		m_betaR = 9.79999968E-05,9.79999968E-05,9.79999968E-05
		m_mieG = 0.850000024
		rimBlend = 25
		rimpower = 600
		specR = 2.5
		specG = 2.5
		specB = 2.5
		shininess = 25
		assetPath = RSSVE/Textures/ScatterTextures/Saturn
		configPoints
		{
			Item
			{
				altitude = 10310
				skyExposure = 0.990999997
				skyAlpha = 0.993799984
				skyExtinctionMultiplier = 1
				skyExtinctionTint = 0.106700003
				scatteringExposure = 0.247899994
				postProcessAlpha = 0.949999988
				postProcessDepth = 0.248500004
				_Post_Extinction_Tint = 0.25
				postExtinctionMultiplier = 0.899999976
				openglThreshold = 10
				viewdirOffset = 0
			}
			Item
			{
				altitude = 41240
				skyExposure = 0.964299977
				skyAlpha = 0.975499988
				skyExtinctionMultiplier = 1
				skyExtinctionTint = 0.126499996
				scatteringExposure = 0.241799995
				postProcessAlpha = 0.949999988
				postProcessDepth = 0.243900001
				_Post_Extinction_Tint = 0.25
				postExtinctionMultiplier = 0.899999976
				openglThreshold = 10
				viewdirOffset = 0
			}
			Item
			{
				altitude = 2000000
				skyExposure = 0.125
				skyAlpha = 0.400000006
				skyExtinctionMultiplier = 1
				skyExtinctionTint = 0.75
				scatteringExposure = 0.0500000007
				postProcessAlpha = 0.949999988
				postProcessDepth = 0.100000001
				_Post_Extinction_Tint = 0.25
				postExtinctionMultiplier = 0.899999976
				openglThreshold = 10
				viewdirOffset = 0
			}
		}
	}
}
