Scatterer_atmosphere
{
	Atmo
	{
		name = Neptune
		displayInterpolatedVariables = True
		experimentalAtmoScale = 4
		drawSkyOverClouds = False
		drawOverCloudsAltitude = 0
		cloudColorMultiplier = 3
		cloudScatteringMultiplier = 0.25
		cloudSkyIrradianceMultiplier = 0.125
		volumetricsColorMultiplier = 1
		Rg = 24085000
		Rt = 24397500
		RL = 25335000
		atmosphereGlobalScale = 1
		EVEIntegration_preserveCloudColors = False
		HR = 13.6549997
		HM = 3.41300011
		BETA_MSca = 0.0027340001,0.00429699989,0.00976600032
		m_betaR = 0.000273000012,0.000429999985,0.000976999989
		m_mieG = 0.850000024
		rimBlend = 25
		rimpower = 600
		specR = 0.699999988
		specG = 1.10000002
		specB = 2.5
		shininess = 25
		assetPath = RSSVE/Textures/ScatterTextures/Neptune
		configPoints
		{
			Item
			{
				altitude = 3413
				skyExposure = 0.995199978
				skyAlpha = 0.995899975
				skyExtinctionMultiplier = 1
				skyExtinctionTint = 0.103500001
				scatteringExposure = 0.248699993
				postProcessAlpha = 0.949999988
				postProcessDepth = 0.249200001
				_Post_Extinction_Tint = 0.25
				postExtinctionMultiplier = 0.899999976
				openglThreshold = 10
				viewdirOffset = 0
			}
			Item
			{
				altitude = 13655
				skyExposure = 0.981000006
				skyAlpha = 0.983699977
				skyExtinctionMultiplier = 1
				skyExtinctionTint = 0.114100002
				scatteringExposure = 0.244800001
				postProcessAlpha = 0.949999988
				postProcessDepth = 0.246700004
				_Post_Extinction_Tint = 0.25
				postExtinctionMultiplier = 0.899999976
				openglThreshold = 10
				viewdirOffset = 0
			}
			Item
			{
				altitude = 1250000
				skyExposure = 0.125
				skyAlpha = 0.25
				skyExtinctionMultiplier = 1
				skyExtinctionTint = 0.75
				scatteringExposure = 0.0125000002
				postProcessAlpha = 0.949999988
				postProcessDepth = 0.100000001
				_Post_Extinction_Tint = 0.25
				postExtinctionMultiplier = 0.899999976
				openglThreshold = 10
				viewdirOffset = 0
			}
		}
	}
}
