Scatterer_atmosphere
{
	Atmo
	{
		name = Mars
		displayInterpolatedVariables = True
		experimentalAtmoScale = 4
		drawSkyOverClouds = False
		drawOverCloudsAltitude = 0
		cloudColorMultiplier = 2
		cloudScatteringMultiplier = 0.0199999996
		cloudSkyIrradianceMultiplier = 0.0500000007
		volumetricsColorMultiplier = 1
		Rg = 3375800
		Rt = 3407050
		RL = 3500800
		atmosphereGlobalScale = 1
		EVEIntegration_preserveCloudColors = False
		HR = 7.70000029
		HM = 1.92500007
		BETA_MSca = 0.00859399978,0.00664100004,0.00468799984
		m_betaR = 0.000859000022,0.000663999992,0.000468999991
		m_mieG = 0.660000026
		rimBlend = 25
		rimpower = 600
		specR = 1.70000005
		specG = 1
		specB = 0.600000024
		shininess = 25
		assetPath = RSSVE/Textures/ScatterTextures/Mars
		configPoints
		{
			Item
			{
				altitude = 1925
				skyExposure = 0.490099996
				skyAlpha = 0.587800026
				skyExtinctionMultiplier = 0.899999976
				skyExtinctionTint = 0.971700013
				scatteringExposure = 0.0489000008
				postProcessAlpha = 0.3653
				postProcessDepth = 0.992399991
				_Post_Extinction_Tint = 0.981700003
				postExtinctionMultiplier = 0.899999976
				openglThreshold = 10
				viewdirOffset = 0
			}
			Item
			{
				altitude = 7700
				skyExposure = 0.461199999
				skyAlpha = 0.552200019
				skyExtinctionMultiplier = 0.899999976
				skyExtinctionTint = 0.889500022
				scatteringExposure = 0.0454999991
				postProcessAlpha = 0.409700006
				postProcessDepth = 0.970099986
				_Post_Extinction_Tint = 0.92839998
				postExtinctionMultiplier = 0.899999976
				openglThreshold = 10
				viewdirOffset = 0
			}
			Item
			{
				altitude = 125000
				skyExposure = 0.174999997
				skyAlpha = 0.200000003
				skyExtinctionMultiplier = 0.899999976
				skyExtinctionTint = 0.075000003
				scatteringExposure = 0.0125000002
				postProcessAlpha = 0.850000024
				postProcessDepth = 0.75
				_Post_Extinction_Tint = 0.400000006
				postExtinctionMultiplier = 0.899999976
				openglThreshold = 10
				viewdirOffset = 0
			}
		}
	}
}
