Scatterer_atmosphere
{
	Atmo
	{
		name = Mars
		experimentalAtmoScale = 4
		cloudColorMultiplier = 2
		cloudScatteringMultiplier = 0.0199999996
		cloudSkyIrradianceMultiplier = 0.25
		volumetricsColorMultiplier = 1
		Rg = 3375800
		Rt = 3407050
		RL = 3408050
		atmosphereGlobalScale = 1
		EVEIntegration_preserveCloudColors = True
		HR = 7.69299984
		HM = 1.92299998
		BETA_MSca = 0.00859399978,0.00664100004,0.00468799984
		m_betaR = 0.000859000022,0.000663999992,0.000468999991
		m_mieG = 0.660000026
		rimBlend = 25
		rimpower = 600
		specR = 1.70000005
		specG = 1
		specB = 0.600000024
		shininess = 25
		assetPath = RSSVE/Textures/ScatterTextures/Mars
		configPoints
		{
			Item
			{
				altitude = 1923
				skyExposure = 0.490076989
				skyAlpha = 0.587786973
				skyExtinctionTint = 0.971759021
				scatteringExposure = 0.0492370017
				extinctionThickness = 1
				postProcessAlpha = 0.365265995
				postProcessDepth = 0.992367029
				extinctionTint = 0.25
				openglThreshold = 10
				viewdirOffset = 0
			}
			Item
			{
				altitude = 7693
				skyExposure = 0.461227
				skyAlpha = 0.552280009
				skyExtinctionTint = 0.889649987
				scatteringExposure = 0.0470170006
				extinctionThickness = 1
				postProcessAlpha = 0.409649998
				postProcessDepth = 0.970175028
				extinctionTint = 0.25
				openglThreshold = 10
				viewdirOffset = 0
			}
			Item
			{
				altitude = 125000
				skyExposure = 0.174999997
				skyAlpha = 0.200000003
				skyExtinctionTint = 0.075000003
				scatteringExposure = 0.0250000004
				extinctionThickness = 1
				postProcessAlpha = 0.850000024
				postProcessDepth = 0.75
				extinctionTint = 0.25
				openglThreshold = 10
				viewdirOffset = 0
			}
		}
	}
}
